cell
6.3779997825622559            5.5233478546142578            10.369999885559082     
frac
Ga1          0.000000         0.000000         0.000000    1 1 1
N101         0.250000         0.166667         0.058985    1 1 1
Ga1          0.500000         0.000000         0.000000    1 1 1
N101         0.750000         0.166667         0.058985    1 1 1
Ga1          0.250000         0.500000         0.000000    1 1 1
N101         0.000000         0.666667         0.058985    1 1 1
Ga1          0.750000         0.500000         0.000000    1 1 1
N101         0.500000         0.666667         0.058985    1 1 1
Ga2          0.250000         0.166667         0.250000    1 1 1
N201         0.000000         0.000000         0.308985    1 1 1
Ga2          0.750000         0.166667         0.250000    1 1 1
N201         0.500000         0.000000         0.308985    1 1 1
Ga2          0.000000         0.666667         0.250000    1 1 1
N201         0.250000         0.500000         0.308985    1 1 1
Ga2          0.500000         0.666667         0.250000    1 1 1
N201         0.750000         0.500000         0.308985    1 1 1
Ga1          0.000000         0.000000         0.500000    1 1 1
N101         0.250000         0.166667         0.558985    1 1 1
Ga1          0.500000         0.000000         0.500000    1 1 1
N101         0.750000         0.166667         0.558985    1 1 1
Ga1          0.250000         0.500000         0.500000    1 1 1
N101         0.000000         0.666667         0.558985    1 1 1
Ga1          0.750000         0.500000         0.500000    1 1 1
N101         0.500000         0.666667         0.558985    1 1 1
Ga2          0.250000         0.166667         0.750000    1 1 1
N201         0.000000         0.000000         0.808985    1 1 1
Ga2          0.750000         0.166667         0.750000    1 1 1
N201         0.500000         0.000000         0.808985    1 1 1
Ga2          0.000000         0.666667         0.750000    1 1 1
N201         0.250000         0.500000         0.808985    1 1 1
Ga2          0.500000         0.666667         0.750000    1 1 1
N201         0.750000         0.500000         0.808985    1 1 1
